family
00010000000000000000000000000000
01010101010202020303030300000000
01010101010202020303030304040400
01010101010202020303030304040400
01010101010101010303030304040400
00030300000000000101010101010100
00030003030303030000000000000000
03010000000000000000000000000000
01010100010000000000000000000000
02020000000000000000000000000000
00000000000000000000000000000000
00000000000000000000000000000000
00000000000000000000000000000000
00000000000000000000000000000000
00000000000000000000000000000000
00000000000000000000000000000000

physics
00040001000000000000000000000000
01010101010000000101010100000000
01010101010000000101010100000000
01010101010000000101010100000000
01010101010101010101010100000000
00010100000000000101010101010100
00010001010101010101010101010100
01010001010101010000000000000000
01010101010000000000000000000000
00000001010000000000000000000000
00000001000000000000000000000000
00000000000000000000000000000000
00000000000000000000000000000000
00000000000000000000000000000000
00000000000000000000000000000000
00000000000000000000000000000000

neighbors
001f0000000000000000000000000000
0b1f16fefb0b1f160008181000000000
6bffd6df7f6bffd6020a1a120b1f1600
68f8d0000068f8d0424a5a526bffd600
00000000000000004048585068f8d000
00524800000000000000000000000000
00500000000000000000000000000000
18f80000000000000000000000000000
f8f8f800f80000000000000000000000
00000000000000000000000000000000
00000000000000000000000000000000
00000000000000000000000000000000
00000000000000000000000000000000
00000000000000000000000000000000
00000000000000000000000000000000
00000000000000000000000000000000

weight
00ff0000000000000000000000000000
00000000000000000000000000000000
00000000000000000000000000000000
00000000000000000000000000000000
ffffffffffffffff0000000000000000
00ffff0000000000ffffffffffffff00
00ff00ffffffffff0000000000000000
ffff0000000000000000000000000000
ffffff00ff0000000000000000000000
ffff0000000000000000000000000000
00000000000000000000000000000000
00000000000000000000000000000000
00000000000000000000000000000000
00000000000000000000000000000000
00000000000000000000000000000000
00000000000000000000000000000000

