family
01000000000000000000000000000000
02020202020000000000000000000000
02020202020000000000000000000000
02020202020000000000000000000000
02020000000000000000000000000000
02020000000000000000000000000000
02020000000000000000000000000000
02020000000000000000000000000000
02020000000000000000000000000000
00000000000000000000000000000000
00000000000000000000000000000000
00000000000000000000000000000000
00000000000000000000000000000000
00000000000000000000000000000000
00000000000000000000000000000000
00000000000000000000000000000000

physics
00000000000000000000000000000000
01010101010000000000000000000000
01010101010000000000000000000000
01010101010000000000000000000000
01010000000000000000000000000000
01010000000000000000000000000000
01010000000000000000000000000000
01010000000000000000000000000000
01010000000000000000000000000000
00000000000000000000000000000000
00000000000000000000000000000000
00000000000000000000000000000000
00000000000000000000000000000000
00000000000000000000000000000000
00000000000000000000000000000000
00000000000000000000000000000000

neighbors
00000000000000000000000000000000
0b1f16fefb0000000000000000000000
6bffd6df7f0000000000000000000000
68f8d000000000000000000000000000
f8f80000000000000000000000000000
f8f80000000000000000000000000000
f8f80000000000000000000000000000
f8f80000000000000000000000000000
f8f80000000000000000000000000000
00000000000000000000000000000000
00000000000000000000000000000000
00000000000000000000000000000000
00000000000000000000000000000000
00000000000000000000000000000000
00000000000000000000000000000000
00000000000000000000000000000000

weight
00000000000000000000000000000000
00000000000000000000000000000000
00000000000000000000000000000000
00000000000000000000000000000000
ffff0000000000000000000000000000
ffff0000000000000000000000000000
ffff0000000000000000000000000000
ffff0000000000000000000000000000
ffff0000000000000000000000000000
00000000000000000000000000000000
00000000000000000000000000000000
00000000000000000000000000000000
00000000000000000000000000000000
00000000000000000000000000000000
00000000000000000000000000000000
00000000000000000000000000000000

