2121212121212121212121212121212121212121
2121212121212121212121212121212121212121
2121212121212121212121212121212121212121
2121212121212121212121212121212121212121
3131313131313131313131313114212121212121
0000000000000000000000000020212121212121
0000000000000000000000000020212121212121
1111111111111111111112000020212121212121
2121212121212121212122000020212121212121
2121212121212121212122000020212121212121
2121212121212121212122000020212121212121
2121212121212121212122000020212121212121

image image:temple_int
position 3 0 5 *
parent map:43
